0 ------ 0 0 0 0 0 0 0 0 1 1 1 1 1 1 1 1 
0 ------ 0 0 0 0 0 0 0 0 1 1 1 1 1 1 1 1 
Grid Size       : 16
Duration of Sim : 1
Time step dt    : 0.090725
Process geometry: 1 x 8

4 ------ 0 0 0 0 0 0 0 0 1 1 1 1 1 1 1 1 
4 ------ 0 0 0 0 0 0 0 0 1 1 1 1 1 1 1 1 
6 ------ 0 0 0 0 0 0 0 0 1 1 1 1 1 1 1 1 
6 ------ 0 0 0 0 0 0 0 0 1 1 1 1 1 1 1 1 
7 ------ 0 0 0 0 0 0 0 0 1 1 1 1 1 1 1 1 
7 ------ 0 0 0 0 0 0 0 0 1 1 1 1 1 1 1 1 
1 ------ 0 0 0 0 0 0 0 0 1 1 1 1 1 1 1 1 
1 ------ 0 0 0 0 0 0 0 0 1 1 1 1 1 1 1 1 
3 ------ 0 0 0 0 0 0 0 0 1 1 1 1 1 1 1 1 
3 ------ 0 0 0 0 0 0 0 0 1 1 1 1 1 1 1 1 
5 ------ 0 0 0 0 0 0 0 0 1 1 1 1 1 1 1 1 
5 ------ 0 0 0 0 0 0 0 0 1 1 1 1 1 1 1 1 
2 ------ 0 0 0 0 0 0 0 0 1 1 1 1 1 1 1 1 
2 ------ 0 0 0 0 0 0 0 0 1 1 1 1 1 1 1 1 
Number of Iterations        : 12
Elapsed Time (sec)          : 0.027941
Sustained Gflops Rate       : 0.00307849
Sustained Bandwidth (GB/sec): 0.00351827

Max: 0.998924 L2norm: 0.646056
